8B030041 10001011000000110000000001000001 01000001000000000000001110001011
CB030041 11001011000000110000000001000001 01000001000000000000001111001011
91005041 10010001000000000101000001000001 01000001010100000000000010010001
D1005041 11010001000000000101000001000001 01000001010100000000000011010001
EB030041 11101011000000110000000001000001 01000001000000000000001111101011
F1005041 11110001000000000101000001000001 01000001010100000000000011110001
9B030041 10011011000000110000000001000001 01000001000000000000001110011011
F8428041 11111000010000101000000001000001 01000001100000000100001011111000
F8028041 11111000000000101000000001000001 01000001100000000000001011111000
8A030041 10001010000000110000000001000001 01000001000000000000001110001010
AA030041 10101010000000110000000001000001 01000001000000000000001110101010
CA030041 11001010000000110000000001000001 01000001000000000000001111001010
92005041 10010010000000000101000001000001 01000001010100000000000010010010
B2005041 10110010000000000101000001000001 01000001010100000000000010110010
D2005041 11010010000000000101000001000001 01000001010100000000000011010010
D3602841 11010011011000000010100001000001 01000001001010000110000011010011
D3402841 11010011010000000010100001000001 01000001001010000100000011010011
B40007A1 10110100000000000000011110100001 10100001000001110000000010110100
54FFFDC0 01010100111111111111110111000000 11000000111111011111111101010100
54FFFDA1 01010100111111111111110110100001 10100001111111011111111101010100
54FFFD82 01010100111111111111110110000010 10000010111111011111111101010100
54FFFD63 01010100111111111111110101100011 01100011111111011111111101010100
54FFFD44 01010100111111111111110101000100 01000100111111011111111101010100
54000205 01010100000000000000001000000101 00000101000000100000000001010100
54FFFD06 01010100111111111111110100000110 00000110111111011111111101010100
54FFFCE7 01010100111111111111110011100111 11100111111111001111111101010100
54FFFCC8 01010100111111111111110011001000 11001000111111001111111101010100
54FFFCA9 01010100111111111111110010101001 10101001111111001111111101010100
54FFFC8A 01010100111111111111110010001010 10001010111111001111111101010100
54FFFC6B 01010100111111111111110001101011 01101011111111001111111101010100
54FFFC4C 01010100111111111111110001001100 01001100111111001111111101010100
54FFFC2D 01010100111111111111110000101101 00101101111111001111111101010100
17FFFFE0 00010111111111111111111111100000 11100000111111111111111100010111
97FFFFDF 10010111111111111111111111011111 11011111111111111111111110010111
D60003C0 11010110000000000000001111000000 11000000000000110000000011010110
FFA0000A 11111111101000000000000000001010 00001010000000001010000011111111
FF800000 11111111100000000000000000000000 00000000000000001000000011111111
FFC00000 11111111110000000000000000000000 00000000000000001100000011111111
FFE00000 11111111111000000000000000000000 00000000000000001110000011111111
8B030041 10001011000000110000000001000001 01000001000000000000001110001011
CB030041 11001011000000110000000001000001 01000001000000000000001111001011
91005041 10010001000000000101000001000001 01000001010100000000000010010001
D1005041 11010001000000000101000001000001 01000001010100000000000011010001
EB030041 11101011000000110000000001000001 01000001000000000000001111101011
F1005041 11110001000000000101000001000001 01000001010100000000000011110001
9B030041 10011011000000110000000001000001 01000001000000000000001110011011
F8428041 11111000010000101000000001000001 01000001100000000100001011111000
F8028041 11111000000000101000000001000001 01000001100000000000001011111000
8A030041 10001010000000110000000001000001 01000001000000000000001110001010
AA030041 10101010000000110000000001000001 01000001000000000000001110101010
CA030041 11001010000000110000000001000001 01000001000000000000001111001010
92005041 10010010000000000101000001000001 01000001010100000000000010010010
B2005041 10110010000000000101000001000001 01000001010100000000000010110010
D2005041 11010010000000000101000001000001 01000001010100000000000011010010
D3602841 11010011011000000010100001000001 01000001001010000110000011010011
D3402841 11010011010000000010100001000001 01000001001010000100000011010011
B4FFF901 10110100111111111111100100000001 00000001111110011111111110110100
54FFFDC0 01010100111111111111110111000000 11000000111111011111111101010100
54FFFDA1 01010100111111111111110110100001 10100001111111011111111101010100
54FFFD82 01010100111111111111110110000010 10000010111111011111111101010100
54FFFD63 01010100111111111111110101100011 01100011111111011111111101010100
54000224 01010100000000000000001000100100 00100100000000100000000001010100
54000205 01010100000000000000001000000101 00000101000000100000000001010100
540001E6 01010100000000000000000111100110 11100110000000010000000001010100
540001C7 01010100000000000000000111000111 11000111000000010000000001010100
540001A8 01010100000000000000000110101000 10101000000000010000000001010100
54000189 01010100000000000000000110001001 10001001000000010000000001010100
54FFF7AA 01010100111111111111011110101010 10101010111101111111111101010100
54FFF78B 01010100111111111111011110001011 10001011111101111111111101010100
54FFF76C 01010100111111111111011101101100 01101100111101111111111101010100
54FFF74D 01010100111111111111011101001101 01001101111101111111111101010100
17FFFFB9 00010111111111111111111110111001 10111001111111111111111100010111
97FFFFB8 10010111111111111111111110111000 10111000111111111111111110010111
D60003C0 11010110000000000000001111000000 11000000000000110000000011010110
FFA0000A 11111111101000000000000000001010 00001010000000001010000011111111
FF800000 11111111100000000000000000000000 00000000000000001000000011111111
FFC00000 11111111110000000000000000000000 00000000000000001100000011111111
FFE00000 11111111111000000000000000000000 00000000000000001110000011111111