910003F3 10010001000000000000001111110011 11110011000000110000000010010001
9107D3F4 10010001000001111101001111110100 11110100110100110000011110010001
91000260 10010001000000000000001001100000 01100000000000100000000010010001
91000281 10010001000000000000001010000001 10000001000000100000000010010001
94000006 10010100000000000000000000000110 00000110000000000000000010010100
91000260 10010001000000000000001001100000 01100000000000100000000010010001
91000281 10010001000000000000001010000001 10000001000000100000000010010001
94000029 10010100000000000000000000101001 00101001000000000000000010010100
FFC00000 11111111110000000000000000000000 00000000000000001100000011111111
1400003A 00010100000000000000000000111010 00111010000000000000000000010100
910003E9 10010001000000000000001111101001 11101001000000110000000010010001
9100000D 10010001000000000000000000001101 00001101000000000000000010010001
CB09002A 11001011000010010000000000101010 00101010000000000000100111001011
F800000A 11111000000000000000000000001010 00001010000000000000000011111000
91000529 10010001000000000000010100101001 00101001000001010000000010010001
91002000 10010001000000000010000000000000 00000000001000000000000010010001
D3600C2B 11010011011000000000110000101011 00101011000011000110000011010011
8B0D016B 10001011000011010000000101101011 01101011000000010000110110001011
CB00016C 11001011000000000000000101101100 01101100000000010000000011001011
B5FFFF2C 10110101111111111111111100101100 00101100111111111111111110110101
D60003C0 11010110000000000000001111000000 11000000000000110000000011010110
9100004C 10010001000000000000000001001100 01001100000000000000000010010001
D3600C49 11010011011000000000110001001001 01001001000011000110000011010011
8B000129 10001011000000000000000100101001 00101001000000010000000010001011
F840012F 11111000010000000000000100101111 00101111000000010100000011111000
9100058C 10010001000000000000010110001100 10001100000001010000000010010001
91002129 10010001000000000010000100101001 00101001001000010000000010010001
D3600C2A 11010011011000000000110000101010 00101010000011000110000011010011
8B00014A 10001011000000000000000101001010 01001010000000010000000010001011
CB09014B 11001011000010010000000101001011 01001011000000010000100111001011
B40000EB 10110100000000000000000011101011 11101011000000000000000010110100
F840012E 11111000010000000000000100101110 00101110000000010100000011111000
EB0F01CD 11101011000011110000000111001101 11001101000000010000111111101011
54FFFF0A 01010100111111111111111100001010 00001010111111111111111101010100
8B1F0182 10001011000111110000000110000010 10000010000000010001111110001011
8B1F01CF 10001011000111110000000111001111 11001111000000010001111110001011
17FFFFF5 00010111111111111111111111110101 11110101111111111111111100010111
8B1F0040 10001011000111110000000001000000 01000000000000000001111110001011
D60003C0 11010110000000000000001111000000 11000000000000110000000011010110
D3600C00 11010011011000000000110000000000 00000000000011000110000011010011
8B020000 10001011000000100000000000000000 00000000000000000000001010001011
F8400009 11111000010000000000000000001001 00001001000000000100000011111000
D3600C21 11010011011000000000110000100001 00100001000011000110000011010011
8B020021 10001011000000100000000000100001 00100001000000000000001010001011
F840002A 11111000010000000000000000101010 00101010000000000100000011111000
F8000029 11111000000000000000000000101001 00101001000000000000000011111000
F800000A 11111000000000000000000000001010 00001010000000000000000011111000
D60003C0 11010110000000000000001111000000 11000000000000110000000011010110
910003E2 10010001000000000000001111100010 11100010000000110000000010010001
D100839C 11010001000000001000001110011100 10011100100000110000000011010001
F8000380 11111000000000000000001110000000 10000000000000110000000011111000
F8008381 11111000000000001000001110000001 10000001100000110000000011111000
F8010382 11111000000000010000001110000010 10000010000000110000000111111000
F801839E 11111000000000011000001110011110 10011110100000110000000111111000
97FFFFDF 10010111111111111111111111011111 11011111111111111111111110010111
F8410381 11111000010000010000001110000001 10000001000000110100000111111000
F8400382 11111000010000000000001110000010 10000010000000110100000011111000
97FFFFEE 10010111111111111111111111101110 11101110111111111111111110010111
F8400380 11111000010000000000001110000000 10000000000000110100000011111000
F8408381 11111000010000001000001110000001 10000001100000110100000011111000
F8410382 11111000010000010000001110000010 10000010000000110100000111111000
F841839E 11111000010000011000001110011110 10011110100000110100000111111000
9100839C 10010001000000001000001110011100 10011100100000110000000010010001
91000442 10010001000000000000010001000010 01000010000001000000000010010001
CB020029 11001011000000100000000000101001 00101001000000000000001011001011
B5FFFE09 10110101111111111111111000001001 00001001111111101111111110110101
D60003C0 11010110000000000000001111000000 11000000000000110000000011010110