910053E0 10010001000000000101001111100000 11100000010100110000000010010001
94000025 10010100000000000000000000100101 00100101000000000000000010010100
FFA00000 11111111101000000000000000000000 00000000000000001010000011111111
FF800000 11111111100000000000000000000000 00000000000000001000000011111111
910003E0 10010001000000000000001111100000 11100000000000110000000010010001
94000021 10010100000000000000000000100001 00100001000000000000000010010100
FFA00000 11111111101000000000000000000000 00000000000000001010000011111111
910007E0 10010001000000000000011111100000 11100000000001110000000010010001
9400001E 10010100000000000000000000011110 00011110000000000000000010010100
FFA00000 11111111101000000000000000000000 00000000000000001010000011111111
91000BE0 10010001000000000000101111100000 11100000000010110000000010010001
9400001B 10010100000000000000000000011011 00011011000000000000000010010100
FFA00000 11111111101000000000000000000000 00000000000000001010000011111111
91000FE0 10010001000000000000111111100000 11100000000011110000000010010001
94000018 10010100000000000000000000011000 00011000000000000000000010010100
FFA00000 11111111101000000000000000000000 00000000000000001010000011111111
910013E0 10010001000000000001001111100000 11100000000100110000000010010001
94000015 10010100000000000000000000010101 00010101000000000000000010010100
FFA00000 11111111101000000000000000000000 00000000000000001010000011111111
910017E0 10010001000000000001011111100000 11100000000101110000000010010001
94000012 10010100000000000000000000010010 00010010000000000000000010010100
FFA00000 11111111101000000000000000000000 00000000000000001010000011111111
91001BE0 10010001000000000001101111100000 11100000000110110000000010010001
9400000F 10010100000000000000000000001111 00001111000000000000000010010100
FFA00000 11111111101000000000000000000000 00000000000000001010000011111111
91001FE0 10010001000000000001111111100000 11100000000111110000000010010001
9400000C 10010100000000000000000000001100 00001100000000000000000010010100
FFA00000 11111111101000000000000000000000 00000000000000001010000011111111
910023E0 10010001000000000010001111100000 11100000001000110000000010010001
94000009 10010100000000000000000000001001 00001001000000000000000010010100
FFA00000 11111111101000000000000000000000 00000000000000001010000011111111
910027E0 10010001000000000010011111100000 11100000001001110000000010010001
94000006 10010100000000000000000000000110 00000110000000000000000010010100
FFA00000 11111111101000000000000000000000 00000000000000001010000011111111
91002BE0 10010001000000000010101111100000 11100000001010110000000010010001
94000003 10010100000000000000000000000011 00000011000000000000000010010100
FFA00000 11111111101000000000000000000000 00000000000000001010000011111111
14000015 00010100000000000000000000010101 00010101000000000000000000010100
B4000060 10110100000000000000000001100000 01100000000000000000000010110100
D1000409 11010001000000000000010000001001 00001001000001000000000011010001
B5000049 10110101000000000000000001001001 01001001000000000000000010110101
D60003C0 11010110000000000000001111000000 11000000000000110000000011010110
D100639C 11010001000000000110001110011100 10011100011000110000000011010001
F8000394 11111000000000000000001110010100 10010100000000110000000011111000
F8008393 11111000000000001000001110010011 10010011100000110000000011111000
F801039E 11111000000000010000001110011110 10011110000000110000000111111000
8B1F0013 10001011000111110000000000010011 00010011000000000001111110001011
D1000660 11010001000000000000011001100000 01100000000001100000000011010001
97FFFFF6 10010111111111111111111111110110 11110110111111111111111110010111
8B1F0014 10001011000111110000000000010100 00010100000000000001111110001011
D1000A60 11010001000000000000101001100000 01100000000010100000000011010001
97FFFFF3 10010111111111111111111111110011 11110011111111111111111110010111
8B140000 10001011000101000000000000000000 00000000000000000001010010001011
F8400394 11111000010000000000001110010100 10010100000000110100000011111000
F8408393 11111000010000001000001110010011 10010011100000110100000011111000
F841039E 11111000010000010000001110011110 10011110000000110100000111111000
9100639C 10010001000000000110001110011100 10011100011000110000000010010001
D60003C0 11010110000000000000001111000000 11000000000000110000000011010110